0.0 1.0 0.0 0.0 0.0
0.04005340453938585 0.999198294054906 -0.04001059404279537 0.0016037356418061057 0.08005329396111385
0.0801068090787717 0.996798307817492 -0.07976448109771134 0.00640852723056699 0.15978564612759144
0.12016021361815754 0.9928154511612435 -0.11900632240498314 0.014395105475091687 0.2388775937513925
0.1602136181575434 0.9872752994036889 -0.157483453349196 0.025531473655919627 0.31701255181050925
0.20026702269692923 0.9802134828019701 -0.19494712839116746 0.03977302452834745 0.39387815747670174
0.24032042723631508 0.9716754873345382 -0.23115395406942563 0.057062755368473765 0.46916781560920034
0.2803738317757009 0.9617164195317739 -0.265867096295483 0.07733152145718099 0.5425820024251061
0.3204272363150868 0.950400721910018 -0.29885749183095145 0.10049834292247459 0.6138295752380959
0.3604806408544726 0.9378018368235339 -0.3299050839674904 0.1264707673736897 0.6826291103085015
0.40053404539385845 0.9240018195366645 -0.3587999728405776 0.15514528757671972 0.7487101513367166
0.44058744993324434 0.9090909086131982 -0.38534352113589554 0.1864078055330235 0.8118144121057641
0.48064085447263016 0.8931670526899921 -0.409349401579353 0.22013414406310572 0.8716969195555233
0.520694259012016 0.8763354148684069 -0.43064461038233226 0.25619058291725794 0.9281271218986773
0.5607476635514018 0.8587077926608697 -0.44907036075042933 0.29443448707573766 0.980889873635893
0.6008010680907877 0.8404020438364916 -0.46448294390306366 0.3347149293841439 1.0297863871307906
0.6408544726301736 0.8215414765643182 -0.47675453531275064 0.37687335227975416 1.0746351279320792
0.6809078771695594 0.8022541793113009 -0.48577385628389097 0.42074429649488837 1.1152725614421721
0.7209612817089452 0.7826723581737399 -0.49144681331404505 0.4661561224533253 1.1515538766207878
0.7610146862483311 0.7629316397445892 -0.4936970508987967 0.5129317700955472 1.1833536207108906
0.8010680907877169 0.7431703387009853 -0.49246634839196435 0.5608895596595643 1.2105661734322897
0.8411214953271028 0.7235287234680232 -0.48771493430165913 0.6098439966221996 1.233106135947017
0.8811748998664887 0.7041482944914117 -0.4794219159537715 0.6596065604498939 1.2509088387770904
0.9212283044058746 0.6851710468635532 -0.46758558869817557 0.7099865129163001 1.263930725499085
0.9612817089452603 0.6667386431169554 -0.4522229828608256 0.7607918205800641 1.2721489502674075
1.0013351134846462 0.6489916229417332 -0.43337011289259275 0.8118300199572334 1.2755617003137218
1.041388518024032 0.6320686904465938 -0.4110818970618455 0.8629090106267334 1.2741881765919174
1.081441922563418 0.6161061059187325 -0.38543214865166403 0.9138377374027692 1.2680686464536273
1.1214953271028036 0.6012366877096122 -0.35651288415399063 0.9644272976692518 1.2572637972804692
1.1615487316421895 0.5875892531789083 -0.3244341801544725 1.0144915766931095 1.2418546485289725
1.2016021361815754 0.5752878697416297 -0.2893236615549252 1.0638480904342404 1.2219420867068003
1.2416555407209613 0.5644510836137543 -0.2513258407057065 1.1123188558885504 1.1976462464207773
1.2817089452603472 0.5551914075601952 -0.2106015671492009 1.159730991722962 1.1691059976883553
1.321762349799733 0.5476145651476276 -0.1673272313669513 1.2059175755112437 1.1364781872678702
1.3618157543391187 0.5418188986677723 -0.12169395235639023 1.250718333322145 1.0999368571442973
1.4018691588785046 0.5378948626168255 -0.0739067076183371 1.2939802427205338 1.0596724000020337
1.4419225634178905 0.5359243796692345 -0.024183304748720977 1.335558281982244 1.0158905568593528
1.4819759679572764 0.5359804200103294 0.027246588454555132 1.3753159487468558 0.9688114651109915
1.5220293724966623 0.5381265914410371 0.08014248819662831 1.4131257699552116 0.9186686289918332
1.5620827770360481 0.5424166212744291 0.13425434566633224 1.448869927116931 0.8657076814840821
1.6021361815754338 0.5488940662737868 0.1893236755332011 1.4824406459879327 0.8101852617247003
1.6421895861148197 0.5575919774909451 0.24508481883130845 1.5137406358536858 0.7523677554775924
1.6822429906542056 0.568532644590914 0.3012662178056842 1.5426834479810296 0.6925300189518643
1.7222963951935915 0.5817273916599365 0.3575917311894878 1.5691937827113493 0.6309540577349849
1.7623497997329773 0.5971763902285108 0.41378195488382863 1.5932077791676937 0.567927699063427
1.8024032042723632 0.6148685993175249 0.46955560665320345 1.6146731772708507 0.5037431902067492
1.842456608811749 0.6347816898161218 0.5246308774990609 1.633549494908134 0.43869583167866777
1.8825100133511348 0.6568820491204475 0.5787268156007999 1.649808124236081 0.37308257173511616
1.9225634178905207 0.6811248694438958 0.6315647051739808 1.6634323427619988 0.30720059995959875
1.9626168224299065 0.7074542336848878 0.6828694322985593 1.6744173265947937 0.24134595407483767
2.0026702269692924 0.7358033008634918 0.7323708477323463 1.68277006234522 0.17581212252669534
2.0427236315086783 0.7660945433081684 0.7798050957171709 1.6885092055440603 0.1108886774342856
2.082777036048064 0.7982399964638079 0.8249159351203456 1.69166492602223 0.04685991425504265
2.12283044058745 0.8321416167617766 0.8674560095815244 1.6922786420948785 -0.015996465320327433
2.162883845126836 0.867691654753154 0.9071880826996545 1.690402738291609 -0.07741063669168995
2.202937249666222 0.9047730670908968 0.9438862500045624 1.6861002429672636 -0.13712191529419446
2.2429906542056073 0.9432600236511268 0.9773370562059986 1.6794444066418086 -0.19487993187587108
2.283044058744993 0.9830184073191485 1.0073405950294738 1.6705182872626803 -0.2504457900221738
2.323097463284379 1.0239063744943213 1.033711546007766 1.6594142720159142 -0.3035931651937229
2.363150867823765 1.0657749805756878 1.056280097669274 1.6462335298414634 -0.35410929545991726
2.403204272363151 1.1084687963412432 1.0748928651714027 1.6310854729613093 -0.4017959662053877
2.4432576769025367 1.1518265960680691 1.0894136816659954 1.6140871418318326 -0.44647037448997673
2.4833110814419226 1.1956820812576798 1.099724271348349 1.59536255024621 -0.48796587877327924
2.5233644859813085 1.2398645095702308 1.1057251526410088 1.5750421336894989 -0.5261329701347502
2.5634178905206944 1.2841996166833929 1.1073357799595325 1.5532618767060884 -0.5608395097206988
2.6034712950600802 1.3285102568466232 1.1044954227565953 1.5301627487472398 -0.5919716768103318
2.643524699599466 1.3726172784296984 1.0971632072367044 1.5058898744317795 -0.6194341053370115
2.683578104138852 1.4163402833302978 1.0853186649623432 1.4805918383787968 -0.6431505130852305
2.7236315086782374 1.4594984642829634 1.0689617435861631 1.4544198924236726 -0.6630638059450449
2.7636849132176233 1.5019114356525187 1.0481129655094354 1.4275271748215586 -0.6791363272461923
2.803738317757009 1.5434000303401219 1.0228134771476103 1.40006795887258 -0.6913499982302782
2.843791722296395 1.5837871527803289 0.993124766833171 1.3721968333277998 -0.699706135519334
2.883845126835781 1.6228985691847526 0.9591287700796007 1.3440679596231344 -0.7042256462887445
2.923898531375167 1.6605637262483544 0.9209271542562374 1.3158342694398546 -0.7049484189295162
2.9639519359145527 1.6966165453030961 0.8786413851387748 1.2876467164162089 -0.7019334805134358
3.0040053404539386 1.7308961474848694 0.8324116573464234 1.2596535517584804 -0.6952580361233641
3.0440587449933245 1.763247723566407 0.7823971625929119 1.231999509596855 -0.6850178271580749
3.0841121495327104 1.7935232289123362 0.7287751479744577 1.2048251166782387 -0.6713262952315621
3.1241655540720963 1.8215819089052034 0.6717394608256704 1.1782661471854357 -0.6543132360609129
3.164218958611482 1.8472912082057897 0.6115001501550122 1.1524527447199893 -0.6341245041617782
3.2042723631508676 1.8705273606637036 0.5482823515646758 1.127508827273168 -0.6109210028853135
3.2443257676902535 1.8911757968131737 0.48232625496957127 1.1035517102024883 -0.5848787314062989
3.2843791722296394 1.9091318273034006 0.41388538638698463 1.0806913975052514 -0.556187185730987
3.3244325767690253 1.9243011802565078 0.3432253590927613 1.0590300306461522 -0.5250482161844134
3.364485981308411 1.9366004954095781 0.27062261866849613 1.0386613798031594 -0.4916748771599217
3.404539385847797 1.9459577243123851 0.19636335910000347 1.019670432935877 -0.4562904414446889
3.444592790387183 1.9523123646745213 0.12074260398939204 1.0021331472580166 -0.41912757219987684
3.484646194926569 1.9556158940516195 0.04406256164725794 0.9861159844643137 -0.38042678766063853
3.5246995994659547 1.9558320257620794 -0.03336873252576973 0.9716756251710351 -0.3404352015317492
3.5647530040053406 1.952936926457629 -0.11123883336788115 0.9588587184956819 -0.29940520398657994
3.6048064085447264 1.9469193633627282 -0.18923227104829277 0.9477016995053436 -0.25759317287247274
3.6448598130841123 1.9377807279496932 -0.26703177593206706 0.9382307263422771 -0.2152583392002525
3.684913217623498 1.9255351345709075 -0.3443199281891513 0.930461535580983 -0.17266123558759913
3.7249666221628837 1.9102093996255634 -0.42078051097342345 0.9243994159079736 -0.1300624320274193
3.7650200267022695 1.8918429678579314 -0.49609997644407383 0.9200392300055692 -0.08772115987865203
3.8050734312416554 1.870487772073885 -0.5699689019437714 0.9173654994810952 -0.0458939438570628
3.8451268357810413 1.8462080141913002 -0.6420832356615446 0.9163525668003774 -0.004833437829828872
3.885180240320427 1.819079937658778 -0.7121458620577222 0.9169647591328046 0.035213054245736265
3.925233644859813 1.7891915380129086 -0.7798678538500111 0.9191566139690305 0.07400475271191323
3.965287049399199 1.7566421979821492 -0.8449697759755506 0.9228731757202736 0.11130862880740879
4.005340453938585 1.7215422780784386 -0.9071830017925373 0.9280503333974355 0.14690064564169647
4.04539385847797 1.684012661328855 -0.9662509155650961 0.9346152018558704 0.18056688947598917
4.085447263017357 1.6441842473436288 -1.0219300803515456 0.942486550550577 0.2121046690007606
4.125500667556742 1.6021973781920424 -1.073991382433429 0.9515752947516835 0.24132359208900503
4.165554072096128 1.5582013135527069 -1.1222209466649848 0.961784947739239 0.26804642645290855
4.205607476635514 1.5123535585414003 -1.166421200852588 0.9730122023251543 0.29211009974753693
4.2456608811749 1.4648191643866861 -1.2064118010740434 0.9851475396994097 0.31336656760117443
4.285714285714286 1.4157700547029735 -1.242030394595032 0.998075818462361 0.33168352797531403
4.325767690253672 1.3653842647619188 -1.2731333803394898 1.011676941123982 0.3469451316309421
4.365821094793057 1.3138452287819853 -1.2995964931881003 1.0258264803273967 0.3590525257842259
4.405874499332444 1.2613409747106907 -1.3213154349818632 1.040396386664935 0.36792444055826096
4.445927903871829 1.2080633885368945 -1.3382061994034729 1.0552556374364268 0.3734974846266513
4.485981308411215 1.1542069880051404 -1.3502059134696371 1.070271315279308 0.37572692418289505
4.526034712950601 1.0999686215679654 -1.3572724375406047 1.085308878419439 0.3745862957461922
4.566088117489986 1.0455463900249962 -1.3593849449376725 1.1002331095619295 0.3700679377601276
4.606141522029373 0.991138782159245 -1.3565438632151634 1.1149088774757239 0.3621829160352405
4.646194926568758 0.9369438435417887 -1.3487709887789494 1.1292018693663246 0.35096111615676634
4.686248331108144 0.8831583222686932 -1.3361092184048429 1.1429793421968837 0.3364509682122313
4.72630173564753 0.829976829498879 -1.3186224270566826 1.156110860325041 0.3187193121879411
4.766355140186916 0.7775909943770839 -1.2963951520462207 1.1684690370920836 0.2978510775115004
4.806408544726302 0.7261886696318582 -1.2695320771790177 1.1799302265056413 0.27394877103050963
4.846461949265688 0.6759530900666195 -1.2381577960062173 1.1903752619690213 0.2471322324655104
4.886515353805073 0.6270621488532533 -1.2024158675225731 1.1996900768803482 0.2175377131444537
4.926568758344459 0.5796875795599328 -1.1624684453660397 1.2077664198642415 0.18531750311473583
4.966622162883845 0.5339943048104894 -1.118495263316326 1.21450240541283 0.15063894412357304
5.006675567423231 0.4901396639551991 -1.0706930270380972 1.2198031835895407 0.11368382985510571
5.046728971962617 0.44827284167064946 -1.0192742669162922 1.2235814130192704 0.07464729382378285
5.086782376502002 0.4085341563443633 -0.964466547024844 1.225757871002788 0.033737035595700765
5.126835781041389 0.37105455340502624 -0.9065112701240252 1.2262618640904628 -0.008827835006409502
5.166889185580774 0.3359550766694233 -0.8456625193422173 1.2250316600239495 -0.05281791915207491
5.2069425901201605 0.3033463334982302 -0.7821860099076535 1.2220149264973115 -0.09799454438921229
5.246995994659546 0.273328075141241 -0.7163577896612778 1.2171690576313223 -0.1441110175897494
5.287049399198932 0.24598881028181033 -0.6484629418354503 1.2104614686999113 -0.19091387442750912
5.327102803738318 0.22140548237354601 -0.5787942760846506 1.201869829793806 -0.23814413749023922
5.367156208277704 0.19964316030103882 -0.5076509896621355 1.1913822865120907 -0.2855386025173977
5.4072096128170895 0.18075482872867854 -0.4353372643001186 1.1789975848371705 -0.3328311823815964
5.447263017356475 0.16478122183745572 -0.3621608717932055 1.1647251547862696 -0.37975424023894605
5.487316421895861 0.15175067728919325 -0.2884317658131132 1.1485851746396116 -0.4260399351180486
5.527369826435247 0.1416791179839786 -0.21446064233639822 1.130608513069317 -0.47142159149858026
5.567423230974633 0.1345700283914682 -0.14055752839427482 1.110836676874814 -0.5156350413706808
5.607476635514018 0.13041450050315506 -0.06703035986404128 1.0893216923353588 -0.5584199733091221
5.647530040053405 0.12919136850219756 0.005816425522555443 1.066125902450994 -0.5995212618221064
5.68758344459279 0.1308673669652311 0.07768326875392788 1.041321742315103 -0.6386902694183596
5.7276368491321765 0.13539734223499802 0.14827685635171037 1.014991464206487 -0.675686132246605
5.767690253671562 0.14272455097218317 0.2173114530816356 0.9872267800543336 -0.7102770069815021
5.807743658210948 0.1527809685953989 0.28451012977736445 0.9581284992156244 -0.7422412164130447
5.847797062750334 0.16548768380317994 0.3496061505558755 0.9278060746087731 -0.7713685402783356
5.88785046728972 0.18075533182133968 0.4123440132749036 0.8963771282413875 -0.797461171741612
5.9279038718291055 0.19848454174452496 0.47248062768842286 0.8639669556643417 -0.820334803312078
5.967957276368491 0.21856647980668414 0.529786427721481 0.83070793993235 -0.8398196411831806
6.008010680907877 0.24088340526708804 0.5840463632830433 0.7967389586293006 -0.8557613024037387
6.048064085447263 0.26530930593684837 0.6350608729439088 0.7622047133622938 -0.8680216852778427
6.088117489986649 0.2917104696438972 0.6826466611453174 0.72725513123283 -0.8764796579797723
6.1281708945260345 0.31994599559431947 0.7266372889470796 0.6920448337945816 -0.8810315729696061
6.168224299065421 0.349868977160756 0.7668845419655432 0.6567319087904425 -0.881592458729496
6.208277703604806 0.38132689155464966 0.8032585941798625 0.6214775182587278 -0.8780961341722469
6.248331108144193 0.41416225226433856 0.8356482519086458 0.5864452437062706 -0.8704953712403758
6.288384512683578 0.44821357907504156 0.8639618089743626 0.5518000897590423 -0.8587626098315615
6.328437917222964 0.4833160953047857 0.8881272960677781 0.5177077843748767 -0.8428901182219328
6.36849132176235 0.5193025499773165 0.9080926158450735 0.4843339596806243 -0.8228900224045252
6.408544726301735 0.5560039966098071 0.923825831908709 0.45184336958493176 -0.7987944932364597
6.4485981308411215 0.5932506235054809 0.9353150639140722 0.4203990735723768 -0.7706555381413784
6.488651535380507 0.6308725434103405 0.9425686201597987 0.39016164998780023 -0.7385450313057623
6.528704939919893 0.6687005950328642 0.945614573426073 0.3612884211203594 -0.7025541886970439
6.568758344459279 0.7065671523858771 0.9445010211682078 0.3339326420101192 -0.6627937244512616
6.608811748998665 0.7443068904787986 0.939295481533425 0.3082427694124585 -0.6193931482507655
6.6488651535380505 0.7817575493041394 0.930084142903844 0.2843617389047086 -0.5724999168302198
6.688918558077437 0.8187607814996052 0.9169715413838387 0.2624261403332451 -0.5222790081805533
6.728971962616822 0.8551627070007626 0.9000803235888385 0.24256568196033615 -0.46891259363429866
6.769025367156209 0.8908146970161036 0.8795503136722307 0.22490245579937235 -0.4125990066472646
6.809078771695594 0.925574113166855 0.8555375499328137 0.20955024943926936 -0.35355168331481024
6.84913217623498 0.9593048133163388 0.8282137974866697 0.19661407209241374 -0.2919985878213712
6.889185580774366 0.9918778811105498 0.7977653693948806 0.18618948453058792 -0.22818093851766919
6.929238985313751 1.0231721496084347 0.7643922165658166 0.17836212691622028 -0.16235221153520793
6.969292389853138 1.053074654286672 0.7283069843823171 0.1732073204471983 -0.09477711465740998
7.009345794392523 1.081481236720767 0.6897337523895472 0.17078952703869227 -0.025730237933402844
7.049399198931909 1.108296899235004 0.6489069748953122 0.17116205641564852 0.04450508237233476
7.089452603471295 1.1334362194253524 0.6060702298801031 0.17436671925404099 0.1156380945826313
7.129506008010681 1.1568237308094822 0.5614749099107901 0.18043351761558626 0.18737201859272343
7.169559412550067 1.1783941255268038 0.5153791266187165 0.18938051191432592 0.25940520961336083
7.209612817089453 1.1980925623290675 0.46804622301903787 0.20121359181292944 0.3314327196264753
7.249666221628838 1.2158748430719282 0.419743470958747 0.21592637767879125 0.4031476659976943
7.289719626168225 1.2317075076773751 0.37074085031440074 0.23350020438676578 0.4742425129970962
7.32977303070761 1.2455679624048013 0.32130948092930833 0.2539040805388601 0.5444107043964708
7.369826435246996 1.2574444678878973 0.2717204272922803 0.27709478329294 0.6133479125306063
7.409879839786382 1.267336107504386 0.22224331907538009 0.30301697861323984 0.6807534714361878
7.449933244325767 1.2752527213720162 0.17314486962055647 0.33160338008068196 0.7463319104343649
7.489986648865154 1.2812147527903315 0.12468776133896997 0.362774990286925 0.809794111487945
7.530040053404539 1.2852530592697844 0.07712917315385287 0.3964413871615147 0.8708588265897179
7.570093457943925 1.2874086680875976 0.030719491119850603 0.4325010642463339 0.9292540059370369
7.610146862483311 1.2877324848931946 -0.014298753401260366 0.4708418153441575 0.9847178921466777
7.650200267022697 1.2862849423824505 -0.057692211310474084 0.5113411870213888 1.037000380287395
7.690253671562083 1.2831356249468115 -0.09923786028760559 0.553866953143996 1.085864189456707
7.730307076101469 1.278362818822456 -0.13872412698161152 0.5982776660238683 1.131086007968649
7.770360480640854 1.2720530451125358 -0.17595183899621014 0.6444232226454859 1.1724574631646563
7.810413885180241 1.2643005280128337 -0.2107352511566029 0.6921454998439281 1.2097861629437745
7.850467289719626 1.2552066537851967 -0.24290293910168628 0.741278997307319 1.2428966001142938
7.890520694259012 1.244879373100447 -0.2722986395527882 0.7916515384298674 1.271630999219759
7.930574098798398 1.23343257791841 -0.29878199922193105 0.8430849963434562 1.2958500677961338
7.970627503337783 1.2209854555061392 -0.3222292310394219 0.8953960425080815 1.315433650769458
8.01068090787717 1.2076617996939205 -0.3425337345032272 0.9483969392627284 1.3302813451799298
8.050734312416555 1.193589336509021 -0.3596065681817451 1.0018963154686673 1.3403129626419206
8.09078771695594 1.178898976648635 -0.3733768983559829 1.0557000177357398 1.3454689640315112
8.130841121495328 1.1637241175601576 -0.38379227795088977 1.1096119079533813 1.3457107200625322
8.170894526034713 1.1481998642896578 -0.3908189218094045 1.1634347450563092 1.3410207647597876
8.210947930574099 1.1324623152679645 -0.3944418078748178 1.2169709971450655 1.331402870173736
8.251001335113484 1.1166477849547576 -0.39466473378721406 1.2700237190739527 1.3168820726111652
8.291054739652871 1.1008920550306787 -0.39151026319789417 1.3223973979361467 1.297504585001157
8.331108144192257 1.0853296076535757 -0.38501956968328555 1.3738988180183822 1.2733376017012998
8.371161548731642 1.0700929909479093 -0.3752522271629524 1.4243377760031435 1.2444690529692368
8.411214953271028 1.0553119556317838 -0.36228586025133225 1.4735280539627134 1.2110072034417867
8.451268357810413 1.0411127674860576 -0.34621570285515063 1.5212881938047664 1.1730801618945785
8.4913217623498 1.0276175441564221 -0.32715410266770645 1.5674422448563425 1.1308353350545837
8.531375166889186 1.0149436014489914 -0.3052299560168493 1.611820501307914 1.0844388085592784
8.571428571428571 1.003202745107628 -0.28058798259233503 1.6542603020851068 1.0340745574363825
8.611481975967957 0.9925006699562473 -0.25338796339018094 1.6946067110211238 0.9799436216412454
8.651535380507344 0.9829363904625379 -0.22380392586828896 1.7327131630112302 0.9222632266981843
8.69158878504673 0.9746016902833747 -0.19202324986492716 1.768442090351079 0.8612658210705765
8.731642189586115 0.9675806057361146 -0.15824570642887184 1.8016655126260275 0.7971980434207917
8.7716955941255 0.9619489287977837 -0.12268237586744749 1.832265607395986 0.7303195621777001
8.811748998664887 0.9577737955956127 -0.08555458145997616 1.860135186453846 0.660901933456215
8.851802403204273 0.95511327916787 -0.047092720386413885 1.8851781699468584 0.5892273493988246
8.891855807743658 0.9540160229548786 -0.007534997272802352 1.9073100180609914 0.5155872834362901
8.931909212283044 0.9545210534765614 0.032873601374185234 1.9264579605802932 0.44028139472436534
8.97196261682243 0.9566574554830899 0.07388271818877276 1.942561387831443 0.3636160181812714
9.012016021361816 0.9604442422402536 0.11523791077757004 1.955572025500353 0.2859027894267184
9.052069425901202 0.9658900960098532 0.15668189812278618 1.965454249575302 0.20745731165354012
9.092122830440587 0.9729934253772624 0.1979559769222939 1.9721850621442099 0.1285976397678343
9.132176234979973 0.9817422064085661 0.2388012866905485 1.9757542985688015 0.04964292548920106
9.17222963951936 0.9921140727148139 0.2789602153423923 1.976164568310488 -0.02908808847206544
9.212283044058745 1.0040764636373745 0.3181777134694841 1.9734311332479333 -0.1072784820414549
9.25233644859813 1.0175865597617522 0.35620262267823877 1.9675820137476157 -0.18461458023320176
9.292389853137516 1.0325916863709839 0.3927889831254418 1.9586575931804686 -0.26078736684247167
9.332443257676903 1.0490294189532494 0.4276973011105214 1.9467105410671115 -0.33549384938855276
9.372496662216289 1.0668278364571553 0.46069584575634914 1.9318055783620312 -0.40843845769642395
9.412550066755674 1.0859060044565763 0.49156178582512344 1.9140189940293277 -0.47933428541474377
9.45260347129506 1.1061741645280396 0.5200824641893219 1.8934384783096174 -0.5479044642219022
9.492656875834445 1.1275343121759338 0.546056459563875 1.870162536503986 -0.6138833312209853
9.532710280373832 1.1498806540451372 0.5692946210515262 1.8443000312720863 -0.6770175653318911
9.572763684913218 1.1730999849274897 0.5896212519079405 1.8159698134977817 -0.7370674739199786
9.612817089452603 1.1970724463617248 0.6068748224420054 1.785299935903525 -0.7938078088850717
9.652870493991989 1.2216719560746307 0.6209090284678506 1.7524272249999178 -0.8470289268022223
9.692923898531376 1.2467668902054905 0.6315935531083976 1.7174965770179311 -0.8965376529370319
9.732977303070761 1.2722207825261325 0.638814669798531 1.6806602311546237 -0.9421579837399984
9.773030707610147 1.2978928880067628 0.6424761502358413 1.6420771951491415 -0.9837320968796155
9.813084112149532 1.3236390158932319 0.6424995596349417 1.601912367823847 -1.0211207432284195
9.853137516688918 1.349312193533777 0.6388248278316643 1.560335848328663 -1.0542039157854757
9.893190921228305 1.3747633870618428 0.6314107904641163 1.5175221847076041 -1.0828814896167125
9.93324432576769 1.399842335053095 0.6202351549721458 1.4736494847267976 -1.107073277688524
9.973297730307076 1.424398236856025 0.605295040603995 1.4288986981002667 -1.1267196686649408
10.013351134846461 1.4482805799444758 0.5866068743238371 1.3834527312953204 -1.1417816109468195
10.053404539385848 1.4713398974562417 0.5642063583544662 1.337495637064277 -1.1522406676989558
10.093457943925234 1.4934285322375964 0.5381486940075749 1.2912118066884446 -1.1580993339242083
10.13351134846462 1.5144014273174926 0.508507991442311 1.2447851047462142 -1.1593805225172618
10.173564753004005 1.5341168668412297 0.4753772763962196 1.1983980768998628 -1.1561276586106837
10.213618157543392 1.552437244111036 0.43886808831363805 1.1522311146514514 -1.1484043573130505
10.253671562082777 1.5692297599208518 0.39910981866806844 1.1064616814733335 -1.1362938331992216
10.293724966622163 1.5843671775523385 0.35624950419492607 1.0612634980805802 -1.1198987768856636
10.333778371161548 1.5977284733385648 0.3104508824024368 1.0168058065199628 -1.0993404734980519
10.373831775700934 1.6091994847856694 0.2618937462420077 0.9732526474794958 -1.0747582264673834
10.413885180240321 1.6186736286283938 0.21077339693820535 0.9307620705611364 -1.0463088847984447
10.453938584779706 1.6260523775993316 0.15729937227588353 0.8894855618252611 -1.0141656192129376
10.493991989319092 1.6312458750800212 0.10169470862023094 0.8495673512769831 -0.9785172495185565
10.534045393858477 1.6341734594309796 0.0441949020991056 0.8111438006081402 -0.9395672605488856
10.574098798397864 1.6347641400704718 -0.014953156484673066 0.7743428383674891 -0.8975327887063922
10.61415220293725 1.6329570200552204 -0.07549235503056653 0.7392834449390441 -0.8526434951471029
10.654205607476635 1.628701669048496 -0.13715655809936034 0.706075186029323 -0.805140410986062
10.69425901201602 1.6219584861476137 -0.19967183120557983 0.6748177552739764 -0.7552747552953215
10.734312416555408 1.6126989866027694 -0.26275771606346976 0.6456005915208228 -0.7033066962432419
10.774365821094793 1.6009060191105073 -0.32612853738616215 0.6185025651861504 -0.6495040751365053
10.814419225634179 1.5865739514734924 -0.3894947294917265 0.5935916947695172 -0.5941411086158572
10.854472630173564 1.5697088167247373 -0.45256446509493564 0.5709248815373257 -0.5374967888115552
10.89452603471295 1.5503283373299253 -0.5150443595781145 0.5505478339796314 -0.4798541886057629
10.934579439252337 1.5284620014022108 -0.5766415125305828 0.5324948425862198 -0.4214984482332388
10.974632843791722 1.5041509879584807 -0.6370646925513793 0.516788767741261 -0.36271559795584524
11.014686248331108 1.4774481429211823 -0.6960260530818978 0.5034409375165593 -0.3037908594647845
11.054739652870493 1.4484177320168512 -0.7532421272525363 0.4924513204154421 -0.24500764371835132
11.09479305740988 1.4171352380973672 -0.8084351360034269 0.4838086286473129 -0.1866462426616303
11.134846461949266 1.3836871234474089 -0.8613344616116901 0.47749044276736824 -0.12898235486277596
11.174899866488651 1.3481705305477876 -0.9116778684053733 0.47346341561036787 -0.07228585660796086
11.214953271028037 1.3106929266387208 -0.9592129534544791 0.4716835120098727 -0.016819341755030602
11.255006675567424 1.2713716758795215 -1.003698301634465 0.47209634023186053 0.037163051525184655
11.29506008010681 1.2303335878820607 -1.0449047271932015 0.474637498907379 0.08941690114628889
11.335113484646195 1.187714351385891 -1.0826163049821782 0.47923304874795203 0.13970856192036663
11.37516688918558 1.1436580104523257 -1.1166313963117114 0.4857999401170185 0.18781621818201008
11.415220293724966 1.0983164162582397 -1.1467637718889625 0.4942464565151845 0.23353103434580194
11.455273698264353 1.0518485391675167 -1.1728434797342515 0.5044728097339113 0.276658063647158
11.495327102803738 1.004419820772194 -1.19471772066721 0.5163716915768668 0.31701716197814667
11.535380507343124 0.9562014709568097 -1.2122516165307464 0.5298288847631373 0.3544438000571234
11.57543391188251 0.9073697218458966 -1.2253289231822717 0.5447239155169716 0.3887898248559549
11.615487316421897 0.8581050812520076 -1.2338526229912434 0.5609307124984041 0.4199241026080691
11.655540720961282 0.8085914991470224 -1.2377454725740087 0.5783183474726262 0.44773312514766106
11.695594125500667 0.7590157644941881 -1.23695034568687 0.5967515735902277 0.47212139625715316
11.735647530040053 0.7095664630656328 -1.2314306495613792 0.6160917623886888 0.4930119269707423
11.77570093457944 0.6604331268701823 -1.221170712299425 0.6361976665070648 0.5103466864784394
11.815754339118826 0.611805618695957 -1.206175571733747 0.656925990258021 0.5240864483145421
11.855807743658211 0.5638731416165452 -1.1864713442450878 0.6781322803343034 0.5342112355161039
11.895861148197596 0.5168234443682765 -1.1621049543361477 0.6996716604650892 0.5407201256913162
11.935914552736982 0.4708419748553324 -1.133144151900491 0.7213996019814788 0.5436313419821515
11.975967957276369 0.4261110573342577 -1.0996771452297378 0.7431726851727832 0.5429819683788274
12.016021361815755 0.38280908048700624 -1.061812313030739 0.7648493474504705 0.5388277422037587
12.05607476635514 0.3411096863181834 -1.0196777857180603 0.7862906344438367 0.5312427196215725
12.096128170894525 0.3011810203012967 -0.9734207938753577 0.8073608987584017 0.5203187136071572
12.136181575433913 0.2631849166139949 -0.9232073300778135 0.8279285522722138 0.5061650377185501
12.176234979973298 0.2272762440548906 -0.8692210878695771 0.8478666849560534 0.48890754477636716
12.216288384512684 0.19360213002038293 -0.8116629367249498 0.8670537852860823 0.4686881883558807
12.256341789052069 0.16230136390681144 -0.7507498824772003 0.8853743035194691 0.44566408123904616
12.296395193591454 0.13350370556990665 -0.6867142406045782 0.9027192997830433 0.4200067623555326
12.336448598130842 0.10732934113092302 -0.6198025421789658 0.9189869591500216 0.39190120156915376
12.376502002670227 0.08388830680460727 -0.550274458294352 0.9340831365717664 0.3615448228890808
12.416555407209612 0.06327998762145101 -0.4784016952113377 0.9479218317813422 0.32914649827511033
12.456608811748998 0.04559268870986269 -0.40446669979167427 0.9604256001337158 0.29492535585145907
12.496662216288385 0.03090313710213956 -0.3287615606795909 0.9715260246129578 0.2591097795605207
12.53671562082777 0.019276288628025467 -0.25158646367470805 0.981163910425743 0.22193597112869562
12.576769025367156 0.010764903744145946 -0.1732485376254104 0.9892896886893144 0.18364689510255508
12.616822429906541 0.005409278077378338 -0.09406047795696935 0.9958636794257749 0.14449100553857053
12.656875834445929 0.0032371456832850478 -0.014339044838475534 1.0008561955297042 0.10472084884617688
12.696929238985314 0.004263487681401988 0.06559629709553814 1.0042477325659567 0.06459180551150283
12.7369826435247 0.008490441111089018 0.14542480306681216 1.0060290661793558 0.024360768424158394
12.777036048064085 0.015907306242645917 0.22482592242246702 1.0062012586124203 -0.015715228420936797
12.81708945260347 0.026490570955765094 0.3034807186367316 1.004775648769595 -0.05538032840461391
12.857142857142858 0.04020400455465288 0.38107330766219083 1.0017737779668157 -0.09438118934594474
12.897196261682243 0.05699880604211204 0.45729227896541913 0.9972272650447646 -0.13246830415564528
12.937249666221629 0.07681381994714825 0.5318320907403148 0.99117761872452 -0.16939729691050853
12.977303070761014 0.09957579861668568 0.6043944399881764 0.9836760067869382 -0.2049301948684738
13.017356475300401 0.12519966943059352 0.6746896257646879 0.9747830207419573 -0.23883669386457815
13.057409879839787 0.15358899925564048 0.7424378046087771 0.9645682573996757 -0.2708953204094915
13.097463284379172 0.18463637419260434 0.8073702749811705 0.9531099791732447 -0.30089462131561984
13.137516688918558 0.21822382230297016 0.8692306630678249 0.9404947348322658 -0.3286342576403797
13.177570093457945 0.2542233926103903 0.9277760736671109 0.9268168351791487 -0.353926066038132
13.21762349799733 0.29249768232857887 0.9827781715869138 0.9121778773508575 -0.37659505203742294
13.257676902536716 0.3329004562313137 1.0340241916537458 0.8966861841042791 -0.39648031472879286
13.297730307076101 0.3752772822603766 1.0813178789387645 0.8804562285688493 -0.4134359037282421
13.337783711615486 0.4194662124689933 1.1244803516119737 0.8636080174686234 -0.42733160140481435
13.377837116154874 0.4652984999037932 1.1633508890374913 0.8462664416633855 -0.4380536327361137
13.41789052069426 0.5125993304017136 1.1977876202815079 0.8285606144089803 -0.44550527879118973
13.457943925233645 0.5611885970503409 1.2276681417280313 0.8106231704155381 -0.4496074216815977
13.49799732977303 0.6108816694969212 1.2528900163225978 0.7925895719899557 -0.4502989751445694
13.538050734312417 0.661490253201246 1.2733712491972085 0.7745973302962527 -0.44753729201088127
13.578104138851803 0.7128232077050254 1.289050612683424 0.7567852683401719 -0.44129842633657373
13.618157543391188 0.7646872726830525 1.2998877779962048 0.7392928752204032 -0.43157720919526443
13.658210947930574 0.8168880660052582 1.3058635819715128 0.7222593994404902 -0.41838745379452374
13.69826435246996 0.869230881026348 1.3069800302490326 0.7058231384003884 -0.40176190735353834
13.738317757009346 0.9215214153149254 1.3032601736198002 0.6901207961835405 -0.3817520815500747
13.778371161548732 0.9735668012234164 1.2947480373016593 0.6752865517861667 -0.3584281309589274
13.818424566088117 1.0251763480845084 1.2815083342006597 0.6614514079119223 -0.33187852678239044
13.858477970627503 1.0761622769272243 1.2636260919304405 0.6487425489915697 -0.3022096478900266
13.89853137516689 1.1263407125619596 1.2412062332674354 0.6372824529177434 -0.2695453227665036
13.938584779706275 1.17553234525173 1.2143730459005317 0.6271883232616406 -0.23402627156643907
13.97863818424566 1.2235631600991053 1.183269560735641 0.6185714582622964 -0.19580945876753836
14.018691588785046 1.2702653282690899 1.148056800059482 0.6115364662107279 -0.15506731612581331
14.058744993324433 1.3154777694438382 1.108913042748154 0.6061807986178218 -0.11198699199122032
14.098798397863819 1.3590468416400492 1.066032937064893 0.6025941632378699 -0.06676944967954165
14.138851802403204 1.4008270958873459 1.0196264803673838 0.600857876992401 -0.01962843534829125
14.17890520694259 1.4406817548844242 0.9699180902530213 0.6010444848892526 0.02921045524426181
14.218958611481977 1.4784832270619004 0.9171455578178124 0.6032173472511043 0.07951082485844241
14.259012016021362 1.5141137714161015 0.8615587860955198 0.6074300850409661 0.13102673645704196
14.299065420560748 1.5474658535024068 0.8034186739167686 0.6137263213720093 0.1835038210259221
14.339118825100133 1.5784425923426721 0.7429958473956464 0.6221393388759288 0.23668053627193703
14.379172229639519 1.6069581243224198 0.6805693588165187 0.6326918189252742 0.29028945287007357
14.419225634178906 1.632937894573098 0.6164254490171952 0.6453956449951052 0.3440584746548714
14.459279038718291 1.6563189590997662 0.5508560204696292 0.6602517143738441 0.3977123405917176
14.499332443257677 1.6770501363749135 0.48415742924493566 0.6772498725936491 0.45097380783300656
14.539385847797062 1.6950921865948196 0.4166290121274674 0.6963688391719268 0.503565093610352
14.57943925233645 1.7104178916399948 0.3485715683866002 0.7175762317942047 0.5552093548843705
14.619492656875835 1.7230120866915075 0.28028618437334796 0.7408286144915488 0.6056318318489999
14.65954606141522 1.73287165642959 0.21207318591632035 0.7660715719599038 0.6545608648091757
14.699599465954606 1.740005420324455 0.14422968506959793 0.7932399867055753 0.7017302682103445
14.739652870493993 1.7444341907294103 0.07704851419724308 0.8222580542761544 0.7468803695038686
14.779706275033378 1.7461902290311813 0.010817708481270213 0.8530398504794067 0.7897584728628897
14.819759679572764 1.745317209636186 -0.05418136722903598 0.8854894944131756 0.8301206745359732
14.85981308411215 1.7418700129395621 -0.11767568570971663 0.9195014675672092 0.8677334648633522
14.899866488651535 1.7359142064391933 -0.1794012090035921 0.9549611695731196 0.9023743217898638
14.939919893190922 1.7275257554818844 -0.23910442325084458 0.9917453098734192 0.9338331769081522
14.979973297730307 1.7167905463352984 -0.29654339126207213 1.0297224539261045 0.9619133986720495
15.020026702269693 1.7038039043896998 -0.3514888529795554 1.0687535785399762 0.9864328202221838
15.060080106809078 1.688670067577817 -0.40372525765380174 1.1086926688609289 1.007224696024844
15.100133511348465 1.6715015975014393 -0.4530516833320999 1.1493873725504287 1.0241385417322855
15.14018691588785 1.6524188221092517 -0.49928281000960884 1.1906796248080591 1.0370410297598456
15.180240320427236 1.6315491818371648 -0.5422496982012962 1.232406361468019 1.045816683420422
15.220293724966622 1.6090264891283719 -0.5818004002903229 1.2744003113523203 1.050368397653516
15.260347129506007 1.5849903611824345 -0.617800855605908 1.3164906282553357 1.0506182553807568
15.300400534045394 1.5595853410970169 -0.6501350822952398 1.3585038043986157 1.0465076176788608
15.34045393858478 1.5329603197831334 -0.6787060865185403 1.4002643135282746 1.0379979537086264
15.380507343124165 1.5052676222937786 -0.7034357409362403 1.4415955469892348 1.0250706127636717
15.42056074766355 1.4766623700161068 -0.7242655875963806 1.4823205117757436 1.0077275437077142
15.460614152202938 1.4473015935179085 -0.74115649349964 1.5222627312707262 0.9859908428744703
15.500667556742323 1.41734352322502 -0.7540892558799518 1.56124700669127 0.9599032704327778
15.540720961281709 1.386946752196552 -0.7630641196013765 1.5991002621512465 0.929527660841239
15.580774365821094 1.3562694716613315 -0.7681010801633732 1.6356523489626362 0.8949471310198427
15.620827770360481 1.3254687012868909 -0.7692392225321011 1.6707368151829878 0.8562643130397671
15.660881174899867 1.2946994963109633 -0.7665369182767261 1.7041917341973636 0.813601454019214
15.700934579439252 1.2641141640078415 -0.7600716642392226 1.7358605089176018 0.7671001538066579
15.740987983978638 1.2338616251273615 -0.7499388443750096 1.7655924834201655 0.7169200191788605
15.781041388518023 1.2040865983633215 -0.7362512909648989 1.7932437680783373 0.6632381195698576
15.82109479305741 1.174928806504686 -0.7191386140386056 1.8186780328947216 0.606248209192849
15.861148197596796 1.1465225306761406 -0.6987469984121525 1.8417669659709894 0.5461604363553421
15.901201602136181 1.1189959835349788 -0.675238434899816 1.8623908925996338 0.4832004730125977
15.941255006675567 1.0924705823549263 -0.6487894443955419 1.880439474415087 0.4176081270939912
15.981308411214954 1.06706033460368 -0.6195899744455513 1.8958122987995236 0.3496361334252485
16.02136181575434 1.042871325039764 -0.5878425155719469 1.9084193776199332 0.2795491718058883
16.061415220293725 1.020001336259703 -0.5537612297484836 1.9181815049993982 0.2076229019027333
16.10146862483311 0.9985394231821124 -0.5175708566055303 1.925030654021017 0.13414277160144014
16.141522029372496 0.9785654252743826 -0.4795053478575921 1.9289104265001653 0.059402548348305204
16.18157543391188 0.9601496293084993 -0.43980663809132575 1.929776351295522 -0.016297004473667845
16.22162883845127 0.9433524592759434 -0.39872337165068966 1.9275961546528453 -0.09264949640197132
16.261682242990656 0.9282242832043643 -0.35650972733184244 1.922349909174628 -0.16934417506187943
16.30173564753004 0.9148052374551754 -0.3134241286652349 1.9140301608446517 -0.24606730612245478
16.341789052069426 0.903125031892869 -0.26972777489773836 1.9026420699669062 -0.32250373431621315
16.381842456608812 0.893202871565095 -0.2256834121699509 1.8882034348146466 -0.39833819560320244
16.421895861148197 0.8850474159048911 -0.18155387160176462 1.8707446717788894 -0.4732568662941218
16.461949265687583 0.8786568210391994 -0.13760080919590464 1.8503087113738457 -0.5469487030542232
16.502002670226968 0.8740188288406576 -0.09408340138280032 1.8269508436039785 -0.6191068258274135
16.542056074766354 0.8711108699070278 -0.05125689093945576 1.8007385443511212 -0.6894300512294913
16.582109479305743 0.869900238799048 -0.009371438552795937 1.77175123031081 -0.7576241113906782
16.622162883845128 0.8703443363834131 0.03132928605277657 1.7400799396543747 -0.8234031363514628
16.662216288384514 0.8723909570211761 0.07060929961125337 1.7058269678278177 -0.886490916328478
16.7022696929239 0.8759786162598031 0.10824141987661497 1.6691054607357645 -0.946622079315006
16.742323097463284 0.881036926900022 0.14400852748861062 1.6300389542649991 -1.003543416124536
16.78237650200267 0.8874870246436458 0.17770463153646796 1.5887608639197226 -1.0570150031736771
16.822429906542055 0.8952420346995168 0.209135915500906 1.5454139307193058 -1.1068113028846744
16.86248331108144 0.9042075798314883 0.23812171993238798 1.500149623505642 -1.152722197204867
16.902536715620826 0.914282325692408 0.2644954591105554 1.4531275020441452 -1.1945539515385815
16.942590120160215 0.9253585638830398 0.28810546005158977 1.4045145404542638 -1.2321300970156268
16.9826435246996 0.9373228321232775 0.30881571079945414 1.354484411611979 -1.265292217560786
17.022696929238986 0.9500565155073728 0.3265066605405022 1.303216791445862 -1.2939007912812466
17.06275033377837 0.9634365518561517 0.341075715868529 1.2508965537097574 -1.3178357134767302
17.102803738317757 0.977336148801294 0.35243774131684413 1.197712952443467 -1.3369968237804528
17.142857142857142 0.9916254678636286 0.3605255679895045 1.1438588390529445 -1.3513044424640042
17.182910547396528 1.0061722965078805 0.3652903284389779 1.0895298918070737 -1.3606997263429865
17.222963951935913 1.020842894428165 0.36670165044822783 1.034923662406632 -1.3651448738264726
17.2630173564753 1.0355026314691287 0.3647478843045827 0.9802388410591633 -1.3646233692495982
17.303070761014688 1.050016811562153 0.35943613766212057 0.9256743262985621 -1.3591400231541206
17.343124165554073 1.064251393890596 0.350792238371057 0.8714284020367817 -1.3487209385907146
17.38317757009346 1.0780737319492482 0.3388606166619585 0.8176978958228341 -1.333413393304074
17.423230974632844 1.0913533518459808 0.32370409319014937 0.7646772960172686 -1.3132856232736652
17.46328437917223 1.1039626282087227 0.3054035538229419 0.7125579757239356 -1.2884264884803742
17.503337783711615 1.1157775655413107 0.2840575610429501 0.6615273062236899 -1.2589450720776254
17.543391188251 1.1266784304925521 0.25978183762596896 0.6117679258486833 -1.2249701457296442
17.583444592790386 1.1365504799767654 0.23270873909667344 0.563456908850601 -1.1866496238884419
17.623497997329775 1.14528460091457 0.20298653132216882 0.5167650261149647 -1.1441498135998158
17.66355140186916 1.1527778915892815 0.17077869965152936 0.4718560668762446 -1.0976546962772866
17.703604806408546 1.158934316757292 0.13626309936101788 0.42888608299810216 -1.0473650448974752
17.74365821094793 1.1636652292816445 0.09963107487836693 0.3880027728956542 -0.9934975064541898
17.783711615487316 1.1668899019583543 0.06108649492242693 0.3493448544132121 -0.9362835964815437
17.823765020026702 1.168536006913107 0.020844728185796253 0.3130414925028968 -0.8759686304104686
17.863818424566087 1.1685400545348639 -0.02086844101015918 0.2792117691357977 -0.8128105911690461
17.903871829105473 1.1668477871964766 -0.06381795137368546 0.24796420044661752 -0.7470789388120727
17.94392523364486 1.1634145317094071 -0.1077606452188259 0.21939629704519684 -0.6790533751306166
17.983978638184247 1.1582054945977691 -0.15244650385026517 0.19359418417509286 -0.6090225492369007
18.024032042723633 1.1511960116330262 -0.19761991024678394 0.17063226986005187 -0.5372827329758227
18.064085447263018 1.1423717475083204 -0.24302094308218383 0.15057296537678097 -0.4641364617757902
18.104138851802404 1.1317288422274734 -0.28838669539096107 0.13346646173337362 -0.38989114764327637
18.14419225634179 1.11927400470526 -0.3334526108233952 0.11935056170933249 -0.31485767155206074
18.184245660881174 1.1050245413894315 -0.3779538323995485 0.10825058040674364 -0.2393489598243633
18.22429906542056 1.0890083453436101 -0.42162655091271384 0.10017928760455876 -0.16367855888787208
18.264352469959945 1.0712638859208037 -0.4642093475300292 0.09513684960165705 -0.0881592159575223
18.30440587449933 1.051839959448293 -0.5054445527908645 0.09311102351754362 -0.013101430965878845
18.34445927903872 1.0307956484806782 -0.5450795579433334 0.09407713184958347 0.06118793245775671
18.384512683578105 1.00819998125437 -0.5828681152489885 0.09799835427979937 0.13440703990782454
18.42456608811749 0.9841317359933055 -0.6185716187139552 0.1048258666446791 0.20626045188475411
18.464619492656876 0.9586790471422245 -0.6519603408363464 0.11449919015863845 0.2764604547048253
18.50467289719626 0.9319390645971768 -0.6828146235714923 0.12694648604728787 0.3447283426849832
18.544726301735647 0.9040174853393358 -0.7109261461959758 0.14208497973723444 0.4107957893284103
18.584779706275032 0.8750282434680571 -0.7360985042106977 0.1598212529530839 0.4744054825866613
18.624833110814418 0.8450926655701934 -0.7581492819161592 0.1800520177641938 0.5353133745749925
18.664886515353807 0.814339239712892 -0.776910004032419 0.2026643564581246 0.5932886536521051
18.704939919893192 0.7829028519519844 -0.7922275138625585 0.22753644313785737 0.6481152604847829
18.744993324432578 0.7509242168868855 -0.8039647701516476 0.25453809268377686 0.6995927785397892
18.785046728971963 0.7185491825411328 -0.8120015995761011 0.2835314402939634 0.7475372912030169
18.82510013351135 0.6859279842695561 -0.8162354079230857 0.31437167476585925 0.7917822028963184
18.865153538050734 0.6532149114779742 -0.8165814985100348 0.34690736601394023 0.8321786067022658
18.90520694259012 0.620567089958586 -0.8129738968910716 0.38098167586031295 0.8685962789550001
18.945260347129505 0.5881436963372704 -0.8053660938891916 0.4164331303290296 0.9009245380819522
18.98531375166889 0.5561056023386242 -0.7937305349258107 0.453096004798843 0.9290717631718832
19.02536715620828 0.5246143771911401 -0.7780594438255061 0.49080130974707453 0.9529663617725896
19.065420560747665 0.493831479873762 -0.7583647006008598 0.5293776216771162 0.9725567473310323
19.10547396528705 0.4639175040603149 -0.7346781539003774 0.5686518421951461 0.9878117527167092
19.145527369826436 0.43503137054276003 -0.7070512378210315 0.6084500394376712 0.9987203468323707
19.18558077436582 0.4073295488801514 -0.6755551372917964 0.6485982371932653 1.0052919015519413
19.225634178905207 0.3809652706164017 -0.6402802663994362 0.6889232422471256 1.0075557674100208
19.265687583444592 0.3560877481804444 -0.6013362102154205 0.7292534455151667 1.0055613159564514
19.305740987983977 0.33284146470976705 -0.5588509474626373 0.7694195822465458 0.9993772545376948
19.345794392523363 0.31136537352560034 -0.5129707464360742 0.8092555550844851 0.9890916232629537
19.385847797062752 0.29179220240031595 -0.463859473991054 0.8485991768082475 0.9748111960553789
19.425901201602137 0.2742478514669329 -0.41169749369220027 0.8872928368941353 0.9566604636471329
19.465954606141523 0.2588506029801025 -0.3566810180393413 0.9251843370264281 0.9347810824214994
19.506008010680908 0.24571060153116975 -0.2990215961722564 0.9621274506797212 0.9093314474198891
19.546061415220294 0.23492925009859497 -0.2389450966834672 0.9979825882289365 0.8804857606296635
19.58611481975968 0.22659859774846514 -0.1766903533935787 1.032617484996759 0.8484327600804211
19.626168224299064 0.22080092278269955 -0.11250850236557408 1.065907666854298 0.8133751355587416
19.66622162883845 0.2176081905289524 -0.04666160476237416 1.0977370686853138 0.7755282316274674
19.706275033377835 0.2170816444276647 0.020578517091256257 1.1279985134842594 0.7351189583432252
19.746328437917224 0.21927151891387556 0.08893135609637848 1.156594069287898 0.6923847834901384
19.78638184245661 0.22421666268421164 0.15810910574044326 1.183435504737237 0.647572418894072
19.826435246995995 0.23194424516879708 0.22781803487334681 1.208444662991599 0.6009365123557089
19.86648865153538 0.2424695609878297 0.297759815687641 1.231553738535483 0.5527383819692914
19.906542056074766 0.2557959143150673 0.36763280541035553 1.2527054751025493 0.5032447919131744
19.94659546061415 0.2719144815346539 0.4371335340801915 1.2718533914557026 0.4527265223190031
19.986648865153537 0.2908042639110713 0.5059580685066142 1.2889619165472974 0.4014570572442192
20.026702269692922 0.31243209880391837 0.5738034641440213 1.3040064698293203 0.34971118211502317
20.06675567423231 0.3367527401437731 0.6403691254770129 1.3169734723681472 0.29776366765426576
20.106809078771697 0.3637089742701784 0.7053582610562551 1.3278603264267834 0.24588785701455004
20.146862483311082 0.393231795232734 0.7684792299499827 1.3366753350952578 0.1943543564390002
20.186915887850468 0.4252406420026749 0.8294469551303753 1.343437563440024 0.143429656081275
20.226969292389853 0.45964368868556943 0.887984220803681 1.3481766459723095 0.09337486202438675
20.26702269692924 0.4963381892649442 0.9438230185503383 1.3509325425358591 0.044444376340765826
20.307076101468624 0.5352108622469692 0.9967057740464275 1.3517552533752228 -0.003115308116208422
20.34712950600801 0.5761383438750917 1.0463866140281386 1.3507044685660965 -0.04906685656368412
20.387182910547395 0.6189876815520754 1.0926325463427677 1.3478491769909036 -0.09318325856124965
20.427236315086784 0.6636168530633243 1.135224488713993 1.34326724759812 -0.13524884776781357
20.46728971962617 0.7098753682775256 1.1739583592360905 1.3370449319214823 -0.1750603868786077
20.507343124165555 0.757604877988107 1.2086460849560157 1.3292763586513703 -0.21242807433044603
20.54739652870494 0.8066398313199042 1.2391165093231291 1.3200629792287613 -0.24717645448958298
20.587449933244326 0.856808179663315 1.2652161566608038 1.309512965545557 -0.2791451898981741
20.62750333778371 0.9079320900584549 1.286810067904454 1.2977406005649696 -0.30818990691315157
20.667556742323097 0.9598287084927851 1.3037824091995514 1.2848656160765957 -0.3341828201377919
20.707610146862482 1.0123109374850274 1.3160370505456427 1.271012516360336 -0.35701333020852855
20.747663551401867 1.065188224658964 1.3234980908150364 1.2563098904120598 -0.3765885714662053
20.787716955941256 1.118267394394616 1.3261102104680096 1.2408896793987907 -0.39283379252843675
20.827770360480642 1.1713534709078735 1.3238389866334557 1.2248864518656248 -0.4056927021708641
20.867823765020027 1.224250521017287 1.3166710876895642 1.2084366578464614 -0.4151276990672846
20.907877169559413 1.2767625057508938 1.3046143652261926 1.1916778726598813 -0.42112000289382967
20.947930574098798 1.3286941209276373 1.287697891721061 1.1747480502182348 -0.42366973427530397
20.987983978638184 1.3798516510031693 1.2659718371431843 1.1577847610575633 -0.4227958382278936
21.02803738317757 1.4300438102332582 1.2395072846408368 1.1409244412644328 -0.41853594983297143
21.068090787716955 1.4790825738490492 1.2083959567939075 1.124301649353113 -0.4109461739273076
21.108144192256344 1.526783998805362 1.1727498042177047 1.1080483311400882 -0.4001007312243485
21.14819759679573 1.572969022192051 1.1327005704054982 1.0922931049602438 -0.3860915831149768
21.188251001335114 1.6174642438307016 1.0883991836589968 1.0771605597801244 -0.36902788790628444
21.2283044058745 1.660102685018165 1.0400150600990803 1.0627705746024094 -0.3490353713578756
21.268357810413885 1.7007245030735672 0.9877354573364765 1.049237679586311 -0.32625574892869347
21.30841121495327 1.7391776947980726 0.9317646351002946 1.0366704255128574 -0.30084595975256156
21.348464619492656 1.775318790072456 0.8723228181664029 1.0251707604038491 -0.27297720777773204
21.38851802403204 1.8090134395656396 0.8096453168982554 1.0148335075095993 -0.24283415890058974
21.428571428571427 1.8401369414988868 0.7439815926327223 1.005745900243944 -0.21061408494129735
21.468624833110816 1.8685749249695254 0.6755938847524283 0.9979869636134984 -0.17652558071232535
21.5086782376502 1.8942238074973128 0.6047561035582879 0.9916271122389354 -0.140787541322884
21.548731642189587 1.9169910807562145 0.5317528233488636 0.986727912085472 -0.1036282371985062
21.588785046728972 1.9367958410126414 0.45687779892776814 0.9833416045735285 -0.06528392657674412
21.628838451268358 1.9535691207803387 0.38043269096856086 0.9815108204307457 -0.025997672066435648
21.668891855807743 1.9672541911051322 0.3027256975403625 0.9812683201401763 0.01398193341964584
21.70894526034713 1.9778068076923554 0.2240700977055421 0.9826367868619514 0.054402125909073264
21.748998664886514 1.985195312561216 0.144782996861564 0.9856287562771906 0.09500713214022409
21.7890520694259 1.989400765799762 0.06518385827953846 0.99024651598153 0.13553953866652013
21.82910547396529 1.9904170834911477 -0.01440700813557435 0.9964819969036647 0.1757417011518166
21.869158878504674 1.9882510308787915 -0.09366989016416506 1.004316802427186 0.21535708822659283
21.90921228304406 1.98292211471593 -0.17228702261737355 1.0137223326354732 0.2541315319683122
21.949265687583445 1.9744624943399636 -0.2499440703145221 1.0246598887038532 0.2918146073784392
21.98931909212283 1.9629168437646136 -0.326331521184509 1.037080821873663 0.32816092323176577
22.029372496662216 1.9483421178352205 -0.4011460974122183 1.0509267734718786 0.36293142984340154
22.0694259012016 1.9308072653308233 -0.47409207219888844 1.0661299636727561 0.3958946337621189
22.109479305740987 1.9103929005080753 -0.544882626804953 1.082613518303435 0.4268278508387087
22.149532710280372 1.8871909344396338 -0.6132410945801728 1.1002918315511747 0.4555183482375811
22.18958611481976 1.8613041334996046 -0.6789022240431862 1.1190709973851007 0.48176450406906457
22.229639519359147 1.832845640292202 -0.7416133151927126 1.1388492741625567 0.5053768425841869
22.269692923898532 1.8019384452081815 -0.8011353710793073 1.1595175951504932 0.5261790834121778
22.309746328437917 1.7687148248252051 -0.8572441073798251 1.1809601073844747 0.5440090515181306
22.349799732977303 1.733315717627971 -0.9097309805957817 1.2030547698233292 0.5587196044631849
22.38985313751669 1.6958900874028444 -0.9584040219637346 1.2256739588376115 0.5701793696379598
22.429906542056074 1.6565942618559961 -1.0030887836297908 1.2486850992567338 0.5782735907898945
22.46995994659546 1.6155911596340722 -1.0436289119321898 1.2719513917979266 0.5829046085837402
22.510013351134848 1.5730496273560914 -1.079887007453824 1.2953324435760774 0.5839926230360367
22.550066755674234 1.5291435861445026 -1.1117449756694242 1.3186850655702635 0.5814759555138556
22.59012016021362 1.4840513246742337 -1.139104717220722 1.341863940223184 0.5753116447719457
22.630173564753004 1.4379546273904138 -1.1618883151659931 1.3647224315473387 0.5654755493609684
22.67022696929239 1.3910380119435595 -1.180038509123252 1.3871132992711863 0.5519627319470182
22.710280373831775 1.3434878553557645 -1.1935187130784557 1.408889505677022 0.5347873966539121
22.75033377837116 1.2954915905945315 -1.2023131366382025 1.4299049578588439 0.5139829289206941
22.790387182910546 1.2472368625775714 -1.2064268538072789 1.4500152874309904 0.489601883216837
22.83044058744993 1.1989107114281319 -1.2058861066721493 1.4690786114052246 0.4617162001139637
22.87049399198932 1.1506987451071247 -1.2007374466745186 1.4869562655923778 0.4304162922840174
22.910547396528706 1.102784266086523 -1.1910474491795155 1.5035136012232837 0.39581068678158454
22.95060080106809 1.0553473841829564 -1.1769024153929535 1.5186207945660022 0.35802565461940905
22.990654205607477 1.0085644653092725 -1.1584082746729187 1.5321533370563718 0.3172050457798557
23.030707610146862 0.9626073424692784 -1.1356899642100677 1.5439927391166899 0.27350960845341943
23.070761014686248 0.9176424582434419 -1.1088905160448113 1.5540272902992969 0.22711602197077468
23.110814419225633 0.873830099429213 -1.0781702121237233 1.5621527313642596 0.17821599949022668
23.15086782376502 0.8313237461825407 -1.043705878343217 1.5682728210691927 0.12701552842779004
23.190921228304404 0.7902695751554802 -1.005690183636793 1.5722997498628946 0.07373412376394833
23.230974632843793 0.7508057533692108 -0.9643305439650912 1.574154746483733 0.018603688255171877
23.27102803738318 0.7130618473839173 -0.919848042085631 1.5737685719989976 -0.038132606298050625
23.311081441922564 0.6771582886030083 -0.8724763072944371 1.5710819573832617 -0.09622147447019086
23.35113484646195 0.6432058930704813 -0.8224603751358868 1.566045986137287 -0.1554006901933493
23.391188251001335 0.6113055119017137 -0.770055597979854 1.5586223479856303 -0.21540020227408804
23.43124165554072 0.5815475676188222 -0.7155262597776546 1.5487836982493821 -0.2759435445103639
23.471295060080106 0.5540117380796261 -0.6591443519285516 1.5365138747795424 -0.3367490785818364
23.51134846461949 0.5287666625877392 -0.6011882096616071 1.521808088860089 -0.39753137348502504
23.55140186915888 0.505869720099081 -0.5419411606735488 1.5046730444808332 -0.45800256839182246
23.591455273698266 0.4853668916342325 -0.4816902325747594 1.485126975246651 -0.5178736718784599
23.63150867823765 0.4672925988801269 -0.4207246512905951 1.4631996996569552 -0.5768560673902382
23.671562082777037 0.4516696602633642 -0.3593345827587649 1.4389325654135525 -0.6346627700193556
23.711615487316422 0.438509270776605 -0.29780960309483756 1.412378363118672 -0.691009951657562
23.751668891855807 0.4278110538574447 -0.23643733742191703 1.383601172342692 -0.7456182928853822
23.791722296395193 0.4195631898464534 -0.17550227826575815 1.352676135769388 -0.798214150805033
23.83177570093458 0.4137425501801387 -0.11528416377396464 1.3196892166328384 -0.8485311637832237
23.871829105473964 0.41031491184439617 -0.056056808602037635 1.2847368873357368 -0.896311399151247
23.911882510013353 0.40923522201820806 0.0019131496804716541 1.247925765888026 -0.9413065813293726
23.951935914552738 0.4104479252180028 0.058367699462956515 1.209372185154223 -0.9832795108278065
23.991989319092124 0.4138873149337923 0.11305847762796806 1.1692017483678097 -1.0220050538986145
24.03204272363151 0.41947795014737355 0.16574791752913995 1.1275488167495982 -1.0572712531679653
24.072096128170895 0.4271351107217995 0.21621045036452352 1.0845559571162087 -1.0888804878395526
24.11214953271028 0.4367653005483849 0.2642335679840303 1.0403733453233182 -1.1166504915569166
24.152202937249665 0.4482667864892447 0.30961871963815457 0.9951581384285206 -1.1404152008127262
24.19225634178905 0.4615301810577751 0.35218221254478177 0.9490738031655888 -1.1600256032980762
24.232309746328436 0.47643905097920386 0.3917560793107001 0.9022894196583643 -1.1753505497471515
24.272363150867825 0.4928705593479129 0.4281888198236289 0.8549789549996158 -1.1862774368338485
24.31241655540721 0.5106961444624158 0.46134606179455123 0.80732050250305 -1.1927128051930997
24.352469959946596 0.5297822140805039 0.4911111290578143 0.7594955082767278 -1.1945828421971627
24.39252336448598 0.5499908695357998 0.5173855534204258 0.7116879698756944 -1.1918338249002023
24.432576769025367 0.5711806329765774 0.5400894667994114 0.6640836355464176 -1.1844324406779894
24.472630173564752 0.5932072123317771 0.5591619194511962 0.6168691677780397 -1.1723660304097125
24.512683578104138 0.615924249481825 0.5745610798287007 0.5702313277608685 -1.1556427113017549
24.552736982643523 0.6391841054332524 0.5862643722101836 0.5243561247459637 -1.13429143388464
24.59279038718291 0.6628386118364087 0.594268491623797 0.4794280036454044 -1.108361914901499
24.632843791722298 0.6867398646955469 0.5985893431634095 0.43562899244241127 -1.0779244908686458
24.672897196261683 0.710740966919644 0.5992618702766922 0.3931379056237562 -1.0430698598336663
24.71295060080107 0.7346968115215067 0.5963398024440761 0.35212950905606943 -1.0039087387619379
24.753004005340454 0.7584648000060012 0.5898953044962959 0.31277375473837393 -0.9605714223770536
24.79305740987984 0.7819055997536222 0.5800185336533346 0.2752349788596851 -0.913207245984488
24.833110814419225 0.8048838262453356 0.5668171171221309 0.2396711801339388 -0.861983969191779
24.87316421895861 0.827268764800451 0.5504155255302624 0.2062332610273134 -0.807087051563958
24.913217623497996 0.8489349917430669 0.5309543952755894 0.17506437505718803 -0.7487188787399487
24.953271028037385 0.8697630440730638 0.5085897292197844 0.14629922793263606 -0.687097862494021
24.99332443257677 0.889639987037178 0.48349207270666156 0.12006348610061657 -0.6224575180635807
25.033377837116156 0.9084600045992658 0.4558455647865065 0.09647316541016301 -0.5550454130918436
25.07343124165554 0.9261249032251516 0.42584697645669756 0.07563411129737552 -0.4851221052175885
25.113484646194927 0.9425446112867663 0.39370463946796225 0.05764148691386869 -0.412959967735929
25.153538050734312 0.9576376128731283 0.3596373576553244 0.04257933121905211 -0.33884199872179815
25.193591455273697 0.9713313455964303 0.323873243756716 0.030520157142335344 -0.26306055468897704
25.233644859813083 0.9835625537639467 0.2866485158543587 0.021524598412997056 -0.18591604380984628
25.27369826435247 0.9942775789378434 0.24820627337641996 0.015641123322871896 -0.10771559950066623
25.313751668891857 1.0034326233411626 0.20879519605297248 0.012905779525585 -0.028771675740012645
25.353805073431243 1.010993932261898 0.1686682876655093 0.013342024152233461 0.050599310216312296
25.39385847797063 1.0169379563967407 0.1280815037249066 0.01696057795487089 0.13007845339589497
25.433911882510014 1.021251429108161 0.08729248074215579 0.023759368581525286 0.20934573112867283
25.4739652870494 1.023931418996811 0.046559129082718115 0.033723502741051 0.2880815120537612
25.514018691588785 1.0249853051313862 0.0061383631115798434 0.04682531934993675 0.3659679231807099
25.55407209612817 1.0244307154703893 -0.0337152988015573 0.06302448392482546 0.4426903493291531
25.594125500667555 1.0222954030279345 -0.07275099672257793 0.08226814851971523 0.5179387905333446
25.63417890520694 1.0186170717614222 -0.11072287895774889 0.10449116641566682 0.5914093078747115
25.67423230974633 1.0134431535091708 -0.14739134252123154 0.12961635891408513 0.6628053562785458
25.714285714285715 1.006830528904994 -0.18252429765969874 0.15755484235223186 0.7318391408620724
25.7543391188251 0.9988452050513954 -0.21589836932252326 0.18820640166818026 0.7982329076570968
25.794392523364486 0.9895619426418228 -0.24730004696382632 0.2214599180862815 0.8617201803526983
25.83444592790387 0.9790638348323568 -0.27652682495305375 0.25719384882941965 0.9220469863382379
25.874499332443257 0.9674418537513297 -0.3033882163040571 0.29527674180014607 0.9789729519636063
25.914552736982643 0.954794334763622 -0.32770680291530696 0.33556781694735993 1.0322724340948084
25.954606141522028 0.9412264535826133 -0.3493191067575761 0.3779175563576409 1.081735467202832
25.994659546061417 0.9268496267718267 -0.36807651155073434 0.42216837589324446 1.127168761115629
26.034712950600802 0.9117809268992801 -0.38384599204775116 0.4681552830104649 1.1683965005029804
26.074766355140188 0.8961424160968363 -0.3965108732856303 0.5157066211577024 1.2052611740970895
26.114819759679573 0.880060505113452 -0.4059714156309513 0.5646447892393269 1.2376242240974205
26.15487316421896 0.8636652396978045 -0.41214538838723286 0.6147870382631376 1.2653666829596406
26.194926568758344 0.8470896096505317 -0.41496850339403335 0.6659462460866087 1.2883896652645659
26.23497997329773 0.8304688089915757 -0.4143947903641076 0.7179317445855834 1.3066147989369732
26.275033377837115 0.8139395098107629 -0.4103968636607801 0.7705501342876373 1.3199845436849005
26.3150867823765 0.7976391053235944 -0.4029661053742013 0.8236061326354422 1.328462422631605
26.35514018691589 0.7817049198903506 -0.39211277685719514 0.8769034582101728 1.3320331795396072
26.395193591455275 0.7662735470663777 -0.3778659517385748 0.9302455836603779 1.3307027502726592
26.43524699599466 0.751480002041234 -0.3602734596616681 0.9834366830471966 1.3244982459581343
26.475300400534046 0.7374570137621027 -0.3394016801046514 1.036282435730528 1.3134677792363518
26.51535380507343 0.7243343170142985 -0.31533524287221043 1.0885908319492625 1.2976801934180735
26.555407209612817 0.712237845418672 -0.28817665571966067 1.1401730830059302 1.2772247169916686
26.595460614152202 0.7012891269883665 -0.2580458323272858 1.1908443224166312 1.2522105111316648
26.635514018691588 0.6916045246108127 -0.2250795208588437 1.240424470068925 1.2227661166285286
26.675567423230973 0.6832945809594984 -0.1894306653949958 1.288738989186821 1.1890388284374216
26.715620827770362 0.6764634460581312 -0.15126770192734265 1.3356195587409183 1.151193999926085
26.755674232309747 0.6712081750681034 -0.1107737025513634 1.3809048829698445 1.1094141931056225
26.795727636849133 0.6676182468659547 -0.06814555323256699 1.424441271775472 1.0638983563964777
26.83578104138852 0.6657749888975452 -0.023592966028543515 1.4660833209078776 1.0148608338157517
26.875834445927904 0.6657510529176267 0.022662564662553446 1.5056945404836137 0.9625303139822563
26.91588785046729 0.6676100544629211 0.07038874179255125 1.5431478131974552 0.9071488384184245
26.955941255006675 0.6714060820626048 0.11934368740165463 1.5783259914610486 0.848970564690886
26.99599465954606 0.6771833653141808 0.16927709529808166 1.6111223286682053 0.7882605937829683
27.03604806408545 0.6849759601774165 0.21993146114249168 1.6414408944044439 0.7252937163026066
27.076101468624834 0.694807485404778 0.2710433499763243 1.6691969373065259 0.6603531172253023
27.11615487316422 0.7066909114898922 0.3223447048443019 1.6943171947880866 0.5937290352305733
27.156208277703605 0.7206283992571261 0.3735641655615082 1.7167401509013323 0.5257174087030904
27.19626168224299 0.7366111998681089 0.42442839368142327 1.7364162298587447 0.4566185117032221
27.236315086782376 0.7546196012975334 0.4746634339462281 1.753307943508799 0.38673554930142134
27.27636849132176 0.7746229267097346 0.5239960920992132 1.767389985823072 0.316373232691054
27.316421895861147 0.7965795976574098 0.5721553487334833 1.7786492625163879 0.24583631277774023
27.356475300400533 0.8204372485831243 0.6188736198057978 1.7870848576253393 0.1754282687394467
27.39652870493992 0.8461328712169686 0.6638881107716939 1.7927079757371036 0.1054498976164928
27.436582109479307 0.8735930545768469 0.7069420429011222 1.795541778409248 0.036198028709597076
27.476635514018692 0.9027342576580415 0.7477866448457928 1.7956212378236618 -0.03203655546464649
27.516688918558078 0.9334631474891334 0.7861814127961347 1.7929928088775 -0.09896941349978122
27.556742323097463 0.9656769513490275 0.8218958317090633 1.7877141864150639 -0.16432425229390085
27.59679572763685 0.9992638803824563 0.8547105571812933 1.7798539536197158 -0.22783418241296957
27.636849132176234 1.0341036078006496 0.8844184952782685 1.7694911696535542 -0.28924287330646414
27.67690253671562 1.0700677664343838 0.9108258984634077 1.7567149394124149 -0.3483057272810616
27.716955941255005 1.1070205251793779 0.9337533455829119 1.7416238983313748 -0.40479094240594415
27.757009345794394 1.1448191551835327 0.9530367371509877 1.7243257082436068 -0.45848059008378805
27.79706275033378 1.1833146702395438 0.9685281449651654 1.7049364720531925 -0.5091715516879262
27.837116154873165 1.2223525202320247 0.980096586409409 1.6835800913749273 -0.5566763831541928
27.87716955941255 1.2617732313206647 0.9876288128596609 1.6603876792489878 -0.6008241906494299
27.917222963951936 1.301413191918609 0.9910298464384113 1.6354968145574482 -0.6414612637513922
27.95727636849132 1.3411053292707007 0.9902236588807162 1.6090509133783772 -0.6784518441938493
27.997329773030707 1.380679946770023 0.9851534729301947 1.5811984222261248 -0.7116785276892832
28.037383177570092 1.4199654287781491 0.9757823502709254 1.5520921570024362 -0.7410429438431049
28.077436582109478 1.4587891185959554 0.9620931850504116 1.5218884428627746 -0.7664658541848631
28.117489986648867 1.4969780448169734 0.9440891899370509 1.4907464271607143 -0.7878877319929068
28.157543391188252 1.5343597931602815 0.9217936750522132 1.458827216801574 -0.8052686469820529
28.197596795727637 1.5707632759825345 0.8952504334386059 1.4262931434586605 -0.8185887473448552
28.237650200267023 1.6060195414124951 0.8645232643627423 1.3933069530124296 -0.827847888001697
28.27770360480641 1.6399626526660487 0.8296957693236637 1.3600309360714373 -0.8330655325875785
28.317757009345794 1.6724304010624091 0.7908712402251014 1.3266262288802793 -0.8342807394584366
28.35781041388518 1.7032650471255566 0.7481723452575764 1.2932520775840295 -0.8315519482275775
28.397863818424565 1.732314207853892 0.7017403503002095 1.2600649362887424 -0.8249563120387247
28.437917222963954 1.7594314697796993 0.6517347925313765 1.227217857172811 -0.8145894667327378
28.47797062750334 1.7844772046721065 0.598332675981115 1.1948596595349437 -0.8005648341283497
28.518024032042725 1.8073191956360841 0.541727772606645 1.1631342898563335 -0.7830130223006733
28.55807743658211 1.8278332943676776 0.4821297958168983 1.1321801460504994 -0.7620811005414087
28.598130841121495 1.8459040845462928 0.4197634638357428 1.1021293910017549 -0.73793176514594
28.63818424566088 1.8614254019568603 0.35486755299997796 1.0731074055940537 -0.7107424891190206
28.678237650200266 1.874300951030947 0.28769379968207504 1.045232141661242 -0.6807045260470851
28.71829105473965 1.8844447164145803 0.2185058032534452 1.018613673356492 -0.6480219064901267
28.758344459279037 1.8917814917785276 0.14757792406677114 0.9933536352053373 -0.6129104341426158
28.798397863818426 1.8962472534969315 0.07519391987318495 0.9695447999861169 -0.5755964159358168
28.83845126835781 1.8977894898477925 0.0016458094134792073 0.9472707070234263 -0.5363156154446107
28.878504672897197 1.896367530580146 -0.07276751648641872 0.926605281463768 -0.49531195622503416
28.918558077436582 1.8919528124811622 -0.1477416354126947 0.9076125164067151 -0.4528362701555092
28.958611481975968 1.8845290379933348 -0.22296796148277287 0.8903462563147393 -0.4091450134293048
28.998664886515353 1.8740923314585838 -0.29813515209795083 0.8748499810556253 -0.3644989443553606
29.03871829105474 1.860651329035605 -0.3729305214313553 0.8611566529848537 -0.3191617913539049
29.078771695594124 1.8442271813211162 -0.447041494305213 0.8492886452808481 -0.2733988778041144
29.11882510013351 1.8248535370665546 -0.5201569182655299 0.8392576945477703 -0.227475880507446
29.1588785046729 1.8025764618112534 -0.5919687228471406 0.831064898701247 -0.1816572563179629
29.198931909212284 1.7774542625771885 -0.6621731017891102 0.824700825963126 -0.13620511609236075
29.23898531375167 1.7495573139276628 -0.7304719747466023 0.8201456087481345 -0.09137783486163811
29.279038718291055 1.7189677908850913 -0.7965743908457877 0.8173691275946907 -0.04742871329227691
29.31909212283044 1.6857793610557645 -0.860197843392876 0.8163312369903662 -0.004604722179586074
29.359145527369826 1.6500968142993553 -0.9210695942670605 0.8169820484534507 0.03685476396995544
29.39919893190921 1.6120356404280767 -0.9789279406425194 0.8192622640278056 0.07671917996473555
29.439252336448597 1.5717215781581984 -1.0335233784962687 0.823103540246328 0.11476788536407674
29.479305740987986 1.5292900866964325 -1.0846197987950696 0.8284289213697393 0.1507913125990632
29.51935914552737 1.4848857669344735 -1.1319955980331862 0.8351533217760632 0.1845920345010294
29.559412550066757 1.4386619195973591 -1.175444461492793 0.8431838964971388 0.21598551771971364
29.599465954606142 1.390779662119719 -1.214776723808587 0.8524207890250456 0.24480143314086855
29.639519359145527 1.3414073281382468 -1.2498201771033284 0.8627576437611415 0.2708844353450904
29.679572763684913 1.29071988208148 -1.2804205207032984 0.8740821173698579 0.2940946000291258
29.7196261682243 1.2388980544372084 -1.306442378941532 0.8862766197119584 0.31430840644289254
29.759679572763684 1.1861276240514234 -1.3277698982813293 0.8992189370840866 0.3314193165590042
29.79973297730307 1.1325985992689052 -1.344307217479003 0.9127829477963735 0.3453382335328334
29.83978638184246 1.0785044230950014 -1.3559789697629452 0.9268393152317582 0.3559939908474037
29.879839786381844 1.0240411393224849 -1.3627306348584247 0.9412562186331557 0.3633336979221657
29.91989319092123 0.969406545425813 -1.364528718894373 0.955900097237789 0.36732292056388893
29.959946595460615 0.9147993833749329 -1.3613611972627584 0.970636357070501 0.36794611339218924
30.0 0.8604184205207096 -1.3532371088065034 0.9853301860282833 0.36520623991308454
